{
 "cells": [
  {
   "cell_type": "code",
   "execution_count": 1,
   "metadata": {
    "collapsed": true
   },
   "outputs": [],
   "source": [
    "import numpy as np\n",
    "import matplotlib.pyplot as plt\n",
    "\n",
    "import stan_utils as stan\n",
    "from mpl_utils import (mpl_style, common_limits)\n",
    "\n",
    "plt.style.use(mpl_style)\n",
    "\n",
    "np.random.seed(42)\n",
    "\n",
    "%matplotlib inline"
   ]
  },
  {
   "cell_type": "code",
   "execution_count": 4,
   "metadata": {
    "collapsed": true
   },
   "outputs": [],
   "source": [
    "def generate_data(N, M, D, overlap_fraction=None, scales=None, seed=None):\n",
    "    \"\"\"\n",
    "    Generate some toy data to play with. \n",
    "    \n",
    "    :param N:\n",
    "        The number of stars observed.\n",
    "\n",
    "    :param M:\n",
    "        The number of surveys.\n",
    "\n",
    "    :param D:\n",
    "        The dimensionality of the label space.\n",
    "\n",
    "    :param overlap_fraction: [optional]\n",
    "        The approximate fraction of stars observed by each survey. If `None` is\n",
    "        provided then some random ~50% of stars will be observed by each survey.\n",
    "        If provided, this should be a list of length `M` with values between 0\n",
    "        (no overlap) and 1 (complete overlap).\n",
    "\n",
    "    :param scales: [optional]\n",
    "        Optional values to provide for the relative scales on the latent factors.\n",
    "\n",
    "    :param seed: [optional]\n",
    "        An optional seed to provide to the random number generator.\n",
    "        \n",
    "    :returns:\n",
    "        A two-length tuple containing the data :math:`y` and a dictionary with\n",
    "        the true values.\n",
    "    \"\"\"\n",
    "\n",
    "    if seed is not None:\n",
    "        np.random.seed(seed)\n",
    "\n",
    "    if scales is None:\n",
    "        scales = np.abs(np.random.normal(0, 1, size=D))\n",
    "\n",
    "    else:\n",
    "        scales = np.array(scales)\n",
    "        \n",
    "    if overlap_fraction is None:\n",
    "        overlap_fraction = np.random.normal(0.5, 0.05, size=M)\n",
    "    else:\n",
    "        overlap_fraction = np.array(overlap_fraction)\n",
    "        assert  overlap_fraction.size == M\n",
    "        \n",
    "\n",
    "    assert len(scales) == D\n",
    "\n",
    "    X = np.random.normal(\n",
    "        np.zeros(D),\n",
    "        scales,\n",
    "        size=(N, D))\n",
    "\n",
    "    # TODO: Think up better way to randomly generate positive definite covariance\n",
    "    #       matrices that are *very* close to an identity matrix.\n",
    "\n",
    "    # Use Cholesky decomposition to ensure the resulting covariance matrix is \n",
    "    # positive definite.\n",
    "    L = np.zeros((M, D, D))\n",
    "    i, j = np.triu_indices_from(L[0], 1)\n",
    "        \n",
    "    for m in range(M):\n",
    "        L[m, np.arange(D), np.arange(D)] = np.random.normal(1, 1, size=D)\n",
    "        L[m, i, j] = np.random.normal(0, 1)\n",
    "\n",
    "    theta = np.array([np.dot(L[i], L[i].T) for i in range(M)])\n",
    "\n",
    "    y = np.dot(X, theta)\n",
    "    for m, of in enumerate(overlap_fraction):\n",
    "        indices = np.where(np.random.uniform(0, 1, size=N) <= of)[0]\n",
    "        y[indices, m, :] = np.nan\n",
    "        \n",
    "    # add noise.\n",
    "    phi = np.abs(np.random.normal(0, 1, size=(M, D)))\n",
    "    rank = np.random.normal(0, 1, size=y.shape)\n",
    "\n",
    "    noise = scales * rank * phi\n",
    "\n",
    "    y += noise\n",
    "    \n",
    "    truths = dict(X=X, theta=theta, phi=phi, scales=scales, L=L, noise=noise)\n",
    "\n",
    "    return (y, truths)"
   ]
  },
  {
   "cell_type": "code",
   "execution_count": 5,
   "metadata": {},
   "outputs": [],
   "source": [
    "N, M, D = (250, 10, 5)\n",
    "y, truths = generate_data(N=N, M=M, D=D)"
   ]
  },
  {
   "cell_type": "code",
   "execution_count": null,
   "metadata": {
    "collapsed": true
   },
   "outputs": [],
   "source": []
  },
  {
   "cell_type": "code",
   "execution_count": 6,
   "metadata": {},
   "outputs": [
    {
     "name": "stdout",
     "output_type": "stream",
     "text": [
      "{'cmap': 'viridis', 'vmin': -1.4146696431189483, 'vmax': 32.191173555200095}\n"
     ]
    },
    {
     "data": {
      "image/png": "iVBORw0KGgoAAAANSUhEUgAACNEAAADaCAYAAACCPkZpAAAABHNCSVQICAgIfAhkiAAAAAlwSFlz\nAAALEgAACxIB0t1+/AAAHNxJREFUeJzt3U2MXfd53/Fnhpzhy4giRUmULamyRSlNGym2Qbt1kNYt\nGtPoosuKOasAgZNKy2YRWEEQZNFFAQtF4WwCWECy6epAArJrN2w3geGmjYU4lQu7FilZ0QtFS9Tw\nVeQMyelCw5j23Dtzzuje83/u/X8+AGESlxj9QOnLmbnzeO7CxsZGAAAAAAAAAABAzRZLDwAAAAAA\nAAAAgNIc0QAAAAAAAAAAUD1HNAAAAAAAAAAAVM8RDQAAAAAAAAAA1XNEAwAAAAAAAABA9RzRAAAA\nAAAAAABQvb2TekMvvfTSxqTeFsyKU6dOLZTe8Iu0SI20CDloEXLQIuSgRchBi5CDFiEHLUIOWoQc\nxrU4sSOaiIhvtT+Z5JubiAPvXi89YaSFW7dLTxhpYT3nrj3nPig9YYuvf+tflJ4w1re/9aPSE7bY\n++O3Sk8YLWmLcetW6QWjLab7uC5+59v/uvSEsb753/6u9IQtjn7/UukJI90+uFR6wkh7Luf8OGLx\n/IelJ2zx9T/5l6UnjPXN/5qvxT3rOT8nPfTGR6UnjJbzjysWr98sPWGLf/cHT5WeMNaf/Yfvl56w\nxcKVa6UnjHZjrfSCkW6vXiw9YaTb1/O9v362/c3SE8b68298t/SELTau5ft3GBGxcfly6QkjLSwv\nl54w0kbCz2N/98//TekJY/3+hTdKT9ji8b/I+RzJjSMTfQp7Ylbezvl319KZd0tP2CLz54t/9kd/\nXXrCVhdWSy8YLeHf8xERty5dKT1hpMUD+0tP2CLz+8WMX1+850zO51EX37tQesJoe/aUXjAzvv6f\n/3npCWP926/8YekJW3wv6XMkv/2nv1d6wkgHz+V8IvX+V/L93fU7f/z5sY95OScAAAAAAAAAAKrn\niAYAAAAAAAAAgOo5ogEAAAAAAAAAoHqOaAAAAAAAAAAAqJ4jGgAAAAAAAAAAqueIBgAAAAAAAACA\n6jmiAQAAAAAAAACgeo5oAAAAAAAAAAConiMaAAAAAAAAAACq54gGAAAAAAAAAIDqOaIBAAAAAAAA\nAKB6jmgAAAAAAAAAAKieIxoAAAAAAAAAAKq3d6ff0DTNMxGxGhEn2rZ9YfqTgFG0CDloEXLQIuSg\nRchBi5CDFiEHLUIOWoQctAj9bfudaJqmORER0bbt6YhYvfNrYFhahBy0CDloEXLQIuSgRchBi5CD\nFiEHLUIOWoTd2enlnJr4+DItIuJsRJyc7hxgDC1CDlqEHLQIOWgRctAi5KBFyEGLkIMWIQctwi7s\ndERzJCIu3PXr+6e4BRhPi5CDFiEHLUIOWoQctAg5aBFy0CLkoEXIQYuwC3sn+caOLf5g7GNXNx6M\nqxvHJvmPA8Y4fOy1sY9dv3o0blw9OuAaqNcjH7069rFLe4/F5SXvF2EIj1zfocW9WoQhrDz+5tjH\n1j48HOurhwdcA/Vaeer82MfWzq/E+k9XBlwD9Xr6f//fsY+df/jBOP/IgwOugXqt/MN3xj629sGh\nWP/g0IBroF6+vgg5/OF/+uWxj33119+Pr/76BwOugXJ2OqJZjYg7X20/EhHblnH+9lOT2ARs1avF\ni+efnPogqFSvFt8+8PTUB0Gl+rW4X4swJb1avPr6Y1MfBJXq1+IPfAECpqRXi6/+k1+Z+iCoVL/3\ni//v4akPgkr5+iLk0KvF//j7P5r6IJgFO72cUxsRxzd/fjwiTk93DjCGFiEHLUIOWoQctAg5aBFy\n0CLkoEXIQYuQgxZhF7Y9omnb9pWIiKZpTkbE6p1fA8PSIuSgRchBi5CDFiEHLUIOWoQctAg5aBFy\n0CLszk4v5xRt2744xBBge1qEHLQIOWgRctAi5KBFyEGLkIMWIQctQg5ahP52ejknAAAAAAAAAACY\ne45oAAAAAAAAAAConiMaAAAAAAAAAACq54gGAAAAAAAAAIDqOaIBAAAAAAAAAKB6jmgAAAAAAAAA\nAKieIxoAAAAAAAAAAKrniAYAAAAAAAAAgOo5ogEAAAAAAAAAoHqOaAAAAAAAAAAAqJ4jGgAAAAAA\nAAAAqueIBgAAAAAAAACA6jmiAQAAAAAAAACgensn+cYOvHt9km8O2KW9P36r9IQtbn/206UnjLR4\n5u3SE5hjR79/qfSELa4/fLD0hJGWV9dLT2CO7VnfKD1hi+v35bxlP/RG6QXMs4Ur10pP2GJj5UDp\nCSMt3FgrPYE5tnEt33M3C/uWS08YaeNy6QXMs8f/4nbpCVu898WcLR45k+/PijlyYbX0gi3W//Fj\npSeMtPTq66UnMMfuOZPvedTbB5ZKTxgp5zNKzIvvJXw+4sz6g6UnUCF/1wIAAAAAAAAAUD1HNAAA\nAAAAAAAAVM8RDQAAAAAAAAAA1XNEAwAAAAAAAABA9RzRAAAAAAAAAABQPUc0AAAAAAAAAABUzxEN\nAAAAAAAAAADVc0QDAAAAAAAAAED1HNEAAAAAAAAAAFA9RzQAAAAAAAAAAFTPEQ0AAAAAAAAAANVz\nRAMAAAAAAAAAQPUc0QAAAAAAAAAAUL1ORzRN05yY9hBgZ1qEHLQIOWgRctAi5KBFyEGLkIMWIQct\nQg5ahH52PKJpmuZkRLw0wBZgG1qEHLQIOWgRctAi5KBFyEGLkIMWIQctQg5ahP52PKJp2/Z0RJwd\nYAuwDS1CDlqEHLQIOWgRctAi5KBFyEGLkIMWIQctQn+dXs4JAAAAAAAAAADmmSMaAAAAAAAAAACq\n54gGAAAAAAAAAIDq7Z3kGzt87LWxj12/ejRuXD06yX8cMMbKFy+NfWztnX2x/u6+AddAvQ49+vrY\nx25cOhJrl+4bcA3U69M3Xx372OXFY3Fl8diAa6BeK0+dH/vY2vmVWP/pyoBroF4rX1wd+9jaO/tj\n/d39A66Beh1d+eHYxz5aeyA+Wn9gwDVQr5UvXR772No7y7H+judRYQj3PPbG2MfWLh6JtYtHhhsD\nFfsvf/L02Mc+9+Xz8flfG//cDsyTHY9omqZ5JiK+1DTNM23bvrzd7714/smJDQN+Xp8Wr37v3oFW\nQX36tHj5rccHWgX16dPiu3vHf/IHfDK9Pkb9gYM1mJZ+ny/6AgRMS58WL1z9RwOtgvr0er/414cG\nWgX16dPilTc/O8woqFCfFn/r34//PyNCTXY8otmMaduggOnTIuSgRchBi5CDFiEHLUIOWoQctAg5\naBFy0CL0t1h6AAAAAAAAAAAAlOaIBgAAAAAAAACA6jmiAQAAAAAAAACgeo5oAAAAAAAAAAConiMa\nAAAAAAAAAACq54gGAAAAAAAAAIDqOaIBAAAAAAAAAKB6jmgAAAAAAAAAAKieIxoAAAAAAAAAAKrn\niAYAAAAAAAAAgOo5ogEAAAAAAAAAoHqOaAAAAAAAAAAAqJ4jGgAAAAAAAAAAqueIBgAAAAAAAACA\n6jmiAQAAAAAAAACgensn+cYWbt2e5Jubawu3N0pPYJ4lbHHxzNulJ4y2uFB6wWi3Sg9gEm4fXCo9\nYYvl1fXSE0bzfpEpOvTGR6UnbHHojdILRlu4me9jiIiIjT1u/+fCjbXSC7ZYSLgpIiIO7C+9YLTV\ni6UXMAEbly+XnrDFRr5JERHx0b/61dITRjr4nR+VnsAE3Dgy0adlJ+LImZwfC+5Zy7mLOXEr35Nw\nS6++XnrCaI98qvSC0S69VnoBE7D43oXSE7ZI+0zE/n2lF4y2frP0Aibgt//090pPmBnXPp/vOeeI\niIPnkj6nNGPSvg8AAAAAAAAAAIChOKIBAAAAAAAAAKB6jmgAAAAAAAAAAKieIxoAAAAAAAAAAKrn\niAYAAAAAAAAAgOo5ogEAAAAAAAAAoHqOaAAAAAAAAAAAqJ4jGgAAAAAAAAAAqueIBgAAAAAAAACA\n6jmiAQAAAAAAAACgeo5oAAAAAAAAAAConiMaAAAAAAAAAACq54gGAAAAAAAAAIDqOaIBAAAAAAAA\nAKB6e3f6DU3TPLv50yfatn1+ynuAMbQIOWgRctAi5KBFyEGLkIMWIQctQg5ahBy0CP1t+51omqY5\nGRGn27Z9MSKOb/4aGJgWIQctQg5ahBy0CDloEXLQIuSgRchBi5CDFmF3dno5p+MRcSems5u/Boan\nRchBi5CDFiEHLUIOWoQctAg5aBFy0CLkoEXYhW1fzmnzKu2OExHRTncOMIoWIQctQg5ahBy0CDlo\nEXLQIuSgRchBi5CDFmF3tj2iuaNpmhMR8Urbtq9s9/vu/dSZsY/duHJf3LhytN864Od0bXHln14Z\n+9ja28ux/vbypKdBVbq2ePiBH4997Pq1o3Hj2v2TngZV6dzig6+Nfez61aNx45qPUeGT6Pwx6hc+\nHPvY2rn9sX7uwKSnQVW6tnjPV9bHPrb2k8VYe3PPpKdBVbq2+NDGq2MfuxLH4urCsUlPg6p0/hj1\ny1fHPrb21pLnUeET8vki5NC1xSfe+T9jH7tw6Fh8eOihSU+DlDod0UTEybZtn9/pN10698QnnAPs\noFOLV//XPUNsgZp1avHi+780xBaoWbcWf/rkEFugZt0+Rv2b+4bYAjXr1OKVv1waYgvUrFOL7y08\nPcQWqFm3j1H/amWILVAzny9CDp1aPPPwrw6xBdJb3Ok3NE3zbNu2L2z+/OROvx+YDi1CDlqEHLQI\nOWgRctAi5KBFyEGLkIMWIQctQn/bfieazZC+2TTN8xFxNCJODbIK+DlahBy0CDloEXLQIuSgRchB\ni5CDFiEHLUIOWoTd2faIpm3b0xHhe6hBYVqEHLQIOWgRctAi5KBFyEGLkIMWIQctQg5ahN3Z8eWc\nAAAAAAAAAABg3jmiAQAAAAAAAACgeo5oAAAAAAAAAAConiMaAAAAAAAAAACq54gGAAAAAAAAAIDq\nOaIBAAAAAAAAAKB6jmgAAAAAAAAAAKieIxoAAAAAAAAAAKrniAYAAAAAAAAAgOo5ogEAAAAAAAAA\noHqOaAAAAAAAAAAAqJ4jGgAAAAAAAAAAqueIBgAAAAAAAACA6jmiAQAAAAAAAACgensn+cYW1m9P\n8s1RwO2DS6UnjLSn9IBZc+tW6QWzI+sf1eJC6QVMwJ7L10tP4JPyoc182Cg9YHZs7Ml5Y3/r4EQ/\nbZmYxes3S0+YKbdXL5aeMDuy/lk9+dnSC0Z79YelF8yUheXl0hNmxsHv/Kj0hNGWcr5f9FxEPytv\n+3xx1i3e8LHgPLh16UrpCbPj0mulF4y0/htfKD1hpH3f9TFqL3t8Faiz9aTvf7J+LOi/rV4OnvNE\nalcHz+0vPWGkxZv+HU5CzmfJAQAAAAAAAABgQI5oAAAAAAAAAAConiMaAAAAAAAAAACq54gGAAAA\nAAAAAIDqOaIBAAAAAAAAAKB6jmgAAAAAAAAAAKieIxoAAAAAAAAAAKrniAYAAAAAAAAAgOo5ogEA\nAAAAAAAAoHqOaAAAAAAAAAAAqJ4jGgAAAAAAAAAAqueIBgAAAAAAAACA6jmiAQAAAAAAAACgeo5o\nAAAAAAAAAACo3t6dfkPTNCc3f/q1tm2fn/IeYAwtQg5ahBy0CDloEXLQIuSgRchBi5CDFiEHLUJ/\n234nms2oTrVtezoiTjRNc2KYWcDdtAg5aBFy0CLkoEXIQYuQgxYhBy1CDlqEHLQIu7Ptd6LZDOr0\n5i+Pt237yvQnAb9Ii5CDFiEHLUIOWoQctAg5aBFy0CLkoEXIQYuwO9t+J5o7mqb5RkQ8N+UtwA60\nCDloEXLQIuSgRchBi5CDFiEHLUIOWoQctAj9dDqiadv2hYh4rmmaI9v9vkOPvj72x/K9H05kMNSs\na4srv3Zt7I+lR9cHWgvzq2uL93zmJ2N/LB9eHWgtzK+uLR4+9trYH/tWLgy0FuZX5/eLX1kf+2P5\nsVsDrYX55fNFyKHzx6gP/Hjsj30HPxhoLcyvri3e+xsbY3/se3xjoLUwvzp/jPq598f+WHro2kBr\nYX51bfGRG6+O/XHo5vmB1kJ5276c053XRdv81k5nI+LZiHhh3O+//NbjEx0HfKxvi1f/58GBlkFd\n+rZ45SefGWgZ1KVvixfPPznQMqhL7/eLf7k00DKoi88XIYfeH6O+/0sDLYO69G3x0v9YGGgZ1KX3\nx6h/+8BAy6AufVt8e9/TAy2D3Hb6TjQnI+Lo5s+PxMdxAcPTIuSgRchBi5CDFiEHLUIOWoQctAg5\naBFy0CLswk5HNC9GxPGmaZ6NiGjb9uXpTwJG0CLkoEXIQYuQgxYhBy1CDlqEHLQIOWgRctAi7MK2\nL+fUtu1qfBwXUJAWIQctQg5ahBy0CDloEXLQIuSgRchBi5CDFmF3dvpONAAAAAAAAAAAMPcc0QAA\nAAAAAAAAUD1HNAAAAAAAAAAAVM8RDQAAAAAAAAAA1XNEAwAAAAAAAABA9RzRAAAAAAAAAABQPUc0\nAAAAAAAAAABUzxENAAAAAAAAAADVc0QDAAAAAAAAAED1HNEAAAAAAAAAAFA9RzQAAAAAAAAAAFTP\nEQ0AAAAAAAAAANVzRAMAAAAAAAAAQPUc0QAAAAAAAAAAUL29k3xje859MMk3RwF7Sg8YY+PmrdIT\nZsviQukFQEQsnv+w9ATm1MbNm6UnzJTF6/68Zl3Wf4fXPrNSesJMuX39eukJfFKv/rD0gpH2PPXL\npSfMlI1bPr+eeUn/HS4eOVx6wkxZOvNu6QnMqY319dITZsrigf2lJ/AJ7ftuzo9RF5Ym+uU3yG9P\n0q8w7lsuvWCm3P/KhdITmFMLFy6WntCL70QDAAAAAAAAAED1HNEAAAAAAAAAAFA9RzQAAAAAAAAA\nAFTPEQ0AAAAAAAAAANVzRAMAAAAAAAAAQPUc0QAAAAAAAAAAUD1HNAAAAAAAAAAAVM8RDQAAAAAA\nAAAA1XNEAwAAAAAAAABA9RzRAAAAAAAAAABQPUc0AAAAAAAAAABUzxENAAAAAAAAAADVc0QDAAAA\nAAAAAED1Oh/RNE3zjWkOAbrRIuSgRchBi5CDFiEHLUIOWoQctAg5aBFy0CJ01+mIpmmakxHxtSlv\nAXagRchBi5CDFiEHLUIOWoQctAg5aBFy0CLkoEXox8s5AQAAAAAAAABQvR2PaJqmOdG27ekhxgDj\naRFy0CLkoEXIQYuQgxYhBy1CDlqEHLQIOWgR+uvynWiOTn0F0IUWIQctQg5ahBy0CDloEXLQIuSg\nRchBi5CDFqGnvds92PcybeXzF8Y+tnbuQKy/d6DHNOCO3i1++erYx9beWor1t5cnsgtq07vFL3w4\n9rG1c/tj/Zz3i7AbfVs89OjrYx+7celIrF26byK7oDZ9W7z3qwtjH7txdiNujE8V2EbfFu/5Z9fH\nPrb25t5Y+7ttnyoCxvD5IuTg/SLk0Pv94ufeH/vY2nsHY/29gxPZBbXp3eLjb459bO3Dw7G+engi\nuyC7nT4CPN40zfH4+ELt6GZor4z7zVe/75ANpqRfi3+1MtwyqEu/Fv/GF+ZhSnq1ePmtx4dbBnXp\n1eKl/74x3DKoS68Wr3xn/3DLoC4+X4QcvF+EHPq9X/zbB4ZbBnXp1+Lrjw23DBLb9uWc2rZ9uW3b\nlzd/eWSAPcAIWoQctAg5aBFy0CLkoEXIQYuQgxYhBy1CDlqE3en0vQjbtn0xIl6c8hZgB1qEHLQI\nOWgRctAi5KBFyEGLkIMWIQctQg5ahH62/U40AAAAAAAAAABQA0c0AAAAAAAAAABUzxENAAAAAAAA\nAADVc0QDAAAAAAAAAED1HNEAAAAAAAAAAFA9RzQAAAAAAAAAAFTPEQ0AAAAAAAAAANVLeUSz9NBH\npSeMZFc/GXctffp66QkzZemRtdITRrKrn4y7Mm7KbOlT+f4+jbCrr4y7lj59o/SEmbJ874elJ4xk\nVz8Zdx1c+GnpCTNl3+OlF4xmVz8Zdy0duVh6wkxZ/gc3S08Yya5+Mu5aeuha6QkzJePnGRF29ZVx\n19LDPl/sI+PfpxF29ZFxU4TnUfvK+nGEXd1l3BQRsfTAldITZkrWz6/t6i7jpojh7g9SHtEsJ/yk\nIcKuvjLuWn7YEU0fy4+ul54wkl39ZNyVcVNmy5/K+XeXXf1k3LXsSdFe9t27WnrCSHb1k3HXyqIj\nmj72HV8oPWEku/rJuGv5vpxPEGW1/FjOLzTZ1U/GXctJv3CSVcbPMyLs6ivjruWHfeG+j4x/n0bY\n1UfGTRGeR+0r68cRdnWXcVNExLIjml6yfn5tV3cZN0UMd3+Q8ogGAAAAAAAAAACG5IgGAAAAAAAA\nAIDqOaIBAAAAAAAAAKB6jmgAAAAAAAAAAKieIxoAAAAAAAAAAKrniAYAAAAAAAAAgOotbGxsTOQN\nvfTSS5N5QzBDTp06tVB6wy/SIjXSIuSgRchBi5CDFiEHLUIOWoQctAg5aBFyGNfixI5oAAAAAAAA\nAABgVnk5JwAAAAAAAAAAqueIBgAAAAAAAACA6jmi6ahpmhOlNzAZTdN8o/QGdk+L80OLs02L80OL\ns02L80OLs02L80OLs02L80OLs02L80OLs02L80OLs02L80OLs02L82OIFvdO+x/QV9M0z0TEakSc\naNv2hdJ7IiKapjkZEd+OiCdKb7lb0zTPbv70ibZtny865i6bf14REV/LtCvi77d9LSJS/LeVmRa7\n02J/WuxOi91psT8tdqfF7rTYnxa702J3WuxPi91psTst9qfF7rTYnRb702I3GTuM0GJfWpx9WuxH\ni/1psRst9qPF/oZqMdV3orlzAda27emIWM1yEba552zpHXfb/A/kdNu2L0bE8bv+Yy5qc8epzT+z\nE1n+HdKPFrvTItOkxe60yDRpsTstMk1a7E6LTJMWu9Mi06TF7rTItGTtMEKLfWhx9mmxHy0yLVrs\nR4u5pTqiiYgmPr5Oi/j4P+QU/7EkdTx+9udzdvPXxbVte7pt2+c2f3m8bdtXig66S9M0JzaDZ2da\n7E6LPWmxFy12p8WetNiLFrvTYk9a7EWL3WmxJy32osXutNiTFnvRYnda7EmLnemwHy32pMXOtNiP\nFnvSYmda7EeLPQ3ZYraXczoSERfu+vX9pYZkt3mVdseJiGhLbRll87XIntvxNw7raOkBM0SLHWlx\nV7TYnRY70uKuaLE7LXakxV3RYnda7EiLu6LF7rTYkRZ3RYvdabEjLe6KFrvRYQ9a3BUtdqPFHrS4\nK1rsRos9aHFXBmsx23eioafNb6H0SqYrsIiIzde5e65pmiOlt0S4EmX6tNiNFpk2LXajRaZNi91o\nkWnTYjdaZNq02I0WmTYtdqNFpk2L3WiRadNiN1pk2rTYzdAtZjuiWY2fXRAdiYgPCm6ZFSfbtn2+\n9Ig7mqa5+7XRzkbEsyX33OV40zTPNE3zbEQcrfX123rQYn9a7EaL/WixPy12o8V+tNifFrvRYj9a\n7E+L3WixHy32p8VutNiPFvvTYjda7E6Hu6PFbrTYnRZ3R4vdaLE7Le6OFrsZtMVsRzRt/Oz1vo5H\nRIrLvqZpnomIL23+bxpN0zy7eQUWTdNkeV25k/Hzf0GeLbjl77Vt+3Lbti9v/jLFxVxyWuxBi91p\nsTct9qDF7rTYmxZ70GJ3WuxNiz1osTst9qbFHrTYnRZ702IPWuxOi72k7DBCiz1pcfZpsSctdqfF\nXrTYkxa7G7rFhY2NjWn/M3rZvB46GxHHf+G1wLjLZkgvxcevLXc0Ik5l+HZim9/S6Tc3f/nFtm2z\nvVYaHWmxGy0ybVrsRotMmxa70SLTpsVutMi0abEbLTJtWuxGi0yTDrvTItOkxe60yDRpsTst5pbu\niAYAAAAAAAAAAIaW7eWcAAAAAAAAAABgcI5oAAAAAAAAAAConiMaAAAAAAAAAACq54gGAAAAAAAA\nAIDqOaIBAAAAAAAAAKB6jmgAAAAAAAAAAKieIxoAAAAAAAAAAKrniAYAAAAAAAAAgOr9fyP1hNXy\nnaaFAAAAAElFTkSuQmCC\n",
      "text/plain": [
       "<matplotlib.figure.Figure at 0x11cc86390>"
      ]
     },
     "metadata": {},
     "output_type": "display_data"
    }
   ],
   "source": [
    "fig, axes = plt.subplots(1, M, figsize=(4*M, 4))\n",
    "\n",
    "kwds = dict(cmap=\"viridis\", \n",
    "            vmin=np.nanmin(truths[\"theta\"]),\n",
    "            vmax=np.nanmax(truths[\"theta\"]))\n",
    "print(kwds)\n",
    "\n",
    "for m, ax in enumerate(axes):\n",
    "    ax.imshow(truths[\"theta\"][m], **kwds)\n"
   ]
  },
  {
   "cell_type": "code",
   "execution_count": 7,
   "metadata": {},
   "outputs": [],
   "source": [
    "# Create an additive variance array to account for missing data.\n",
    "def de_gapify_data(y, additional_variance=1e8):\n",
    "    \"\"\"\n",
    "    Fill NaNs in the label vectors with the mean values of other\n",
    "    labels. No structure is assumed for the missing labels (e.g.,\n",
    "    some labels could be missing from some surveys, but not all).\n",
    "    \n",
    "    :param y:\n",
    "        The label vector, where NaNs represent missing data.\n",
    "    \n",
    "    :param additional_variance: [optional]\n",
    "        The variance to add for missing data.\n",
    "    \"\"\"\n",
    "    \n",
    "    N, M, D = y.shape\n",
    "    missing = ~np.isfinite(y)\n",
    "    mean_labels = np.nanmean(y.reshape((-1, D)), axis=0)\n",
    "    \n",
    "    y_tilde = np.copy(y) - mean_labels\n",
    "    y_tilde[missing] = 0.0\n",
    "    \n",
    "    variance = missing.astype(int) * additional_variance\n",
    "        \n",
    "    return (y_tilde, mean_labels, variance)\n",
    "\n",
    "y_tilde, mean_labels, extra_variance = de_gapify_data(y)"
   ]
  },
  {
   "cell_type": "code",
   "execution_count": 10,
   "metadata": {
    "scrolled": true
   },
   "outputs": [
    {
     "name": "stderr",
     "output_type": "stream",
     "text": [
      "WARNING:root:Cached model at model-missing-data.stan.cached differs from the code in model-missing-data.stan; recompiling model\n",
      "INFO:pystan:COMPILING THE C++ CODE FOR MODEL anon_model_c93fafa9fdc1eea1436bbbde342f091f NOW.\n"
     ]
    },
    {
     "name": "stdout",
     "output_type": "stream",
     "text": [
      "\n",
      "/*\n",
      "  Latent factor model for chemical abundances from multiple studies, allowing\n",
      "  for missing data.\n",
      "*/\n",
      "\n",
      "data {\n",
      "  int<lower=1> N; // number of stars\n",
      "  int<lower=1> D; // dimensionality of the data (number of labels)\n",
      "  int<lower=1> M; // number of surveys (or studies)\n",
      "  vector[D] y[N, M]; // the labels as reported by various surveys.\n",
      "  vector[D] extra_variance[N, M]; // variance to add for missing data.\n",
      "}\n",
      "\n",
      "transformed data {\n",
      "  int<lower=1> Q; // the number of non-zero lower-triangular entries that we\n",
      "                  // need for the decomposoition of our theta matrix\n",
      "  Q = M * choose(D, 2);\n",
      "}\n",
      "\n",
      "parameters {\n",
      "  vector[D] X[N]; // latent factors for each star\n",
      "  vector<lower=0>[M] phi[D]; // variance on survey labels\n",
      "\n",
      "  vector[Q] L_lower_triangular; // lower triangular entries of the decomposition\n",
      "                                // of the  theta matrix\n",
      "  vector<lower=0>[M] L_diag[D]; // diagonal entries of the decomposition of the \n",
      "                                // theta matrix\n",
      "}\n",
      "\n",
      "transformed parameters {\n",
      "  cholesky_factor_cov[D, D] L[M];\n",
      "  matrix[D, D] theta[M];\n",
      "  {\n",
      "    int q = 0;\n",
      "\n",
      "    for (m in 1:M)\n",
      "      for (i in 1:D)\n",
      "        for (j in (i + 1):D) \n",
      "          L[m, i, j] = 0.0;\n",
      "\n",
      "    for (m in 1:M) {\n",
      "      for (i in 1:D) {\n",
      "        L[m, i, i] = L_diag[i, m];\n",
      "        for (j in (i + 1):D) {\n",
      "          q = q + 1;\n",
      "          L[m, j, i] = L_lower_triangular[q];\n",
      "        }\n",
      "      }\n",
      "    }\n",
      "\n",
      "    for (m in 1:M)\n",
      "      theta[m] = multiply_lower_tri_self_transpose(L[m]);\n",
      "  }\n",
      "}\n",
      "\n",
      "model {\n",
      "  L_lower_triangular ~ normal(rep_vector(0, Q), rep_vector(1, Q));\n",
      "\n",
      "  for (d in 1:D)\n",
      "    L_diag[d] ~ normal(rep_vector(0, M), rep_vector(1, M));\n",
      "\n",
      "  for (n in 1:N)\n",
      "    X[n] ~ normal(rep_vector(0, D), rep_vector(1, D));\n",
      "\n",
      "  for (d in 1:D)\n",
      "    phi[d] ~ normal(rep_vector(0, M), rep_vector(1, M));\n",
      "\n",
      "  for (n in 1:N) \n",
      "    for (m in 1:M)\n",
      "      y[n, m, :] ~ normal(to_row_vector(X[n]) * theta[m], \n",
      "                          sqrt(to_vector(phi[:, m]) + extra_variance[n, m, :]));\n",
      "}\n",
      "\n",
      "\n"
     ]
    }
   ],
   "source": [
    "model = stan.read_model(\"model-missing-data.stan\")\n",
    "print(model.model_code)"
   ]
  },
  {
   "cell_type": "code",
   "execution_count": null,
   "metadata": {},
   "outputs": [],
   "source": [
    "# Optimize the model\n",
    "data = dict(N=N, M=M, D=D, y=y_tilde, \n",
    "            extra_variance=extra_variance)\n",
    "\n",
    "Q = M * int(np.math.factorial(D)/(2 * np.math.factorial(D - 2)))\n",
    "init = dict(\n",
    "    X=np.random.normal(0, 1, size=(N, D)),\n",
    "    phi=np.ones((D, M)),\n",
    "    L_lower_triangular=np.zeros(Q),\n",
    "    L_diag=np.ones((D, M)))\n",
    "\n",
    "op_kwds = dict(\n",
    "    init=init,\n",
    "    data=data, \n",
    "    iter=100000, \n",
    "    tol_obj=7./3 - 4./3 - 1, # machine precision\n",
    "    tol_grad=7./3 - 4./3 - 1, # machine precision\n",
    "    tol_rel_grad=1e3,\n",
    "    tol_rel_obj=1e4\n",
    ")\n",
    "\n",
    "p_opt = model.optimizing(**op_kwds)"
   ]
  },
  {
   "cell_type": "code",
   "execution_count": 14,
   "metadata": {},
   "outputs": [
    {
     "name": "stdout",
     "output_type": "stream",
     "text": [
      "OrderedDict([('X', array([[ 0.31933056,  1.88951607,  1.31052928,  1.60970862,  1.98866327],\n",
      "       [-0.49509942, -1.82105786, -0.39133066,  0.5351963 ,  3.463713  ],\n",
      "       [ 0.63342047,  1.04843797, -0.38946475,  0.69700347, -0.04673531],\n",
      "       ...,\n",
      "       [-0.23669725, -0.76829225, -0.98586957,  1.24640482,  0.5696315 ],\n",
      "       [-0.26543001, -0.74376492,  0.67571131, -1.01623884, -0.95899412],\n",
      "       [ 0.08528325, -0.09423604,  1.43776402,  0.15843373,  0.86701992]])), ('phi', array([[3.80179771e+00, 1.62962118e+01, 4.36130944e+00, 8.69005494e-01,\n",
      "        3.74986502e+00, 7.21048953e+00, 4.06796887e+01, 7.44310829e+00,\n",
      "        2.35783408e+01, 2.58519690e+00],\n",
      "       [3.58760176e+00, 2.95116660e+00, 3.20535451e+00, 1.12455274e-01,\n",
      "        3.04564228e+00, 3.87351734e+00, 2.41110657e+00, 3.54500874e+00,\n",
      "        2.28959166e+00, 1.93083033e-07],\n",
      "       [7.34399939e-01, 4.26265795e+00, 1.85823641e+00, 9.13920131e-02,\n",
      "        3.12138567e+00, 1.11128531e+00, 1.41393229e+00, 1.92207058e+00,\n",
      "        1.58830422e+00, 2.79546793e+00],\n",
      "       [1.21749471e-01, 1.82345635e+00, 1.33210547e-01, 7.53851938e-01,\n",
      "        3.05710634e+00, 1.64423698e+00, 3.59044957e-05, 5.33274558e+00,\n",
      "        3.03006274e-01, 8.26388037e-01],\n",
      "       [2.51340389e+00, 1.55298891e-01, 1.13988102e+01, 8.53809614e+00,\n",
      "        6.15171798e+00, 1.66266729e+00, 4.96028698e+00, 8.99484489e+00,\n",
      "        7.36014454e-01, 8.88171334e+00]])), ('L_lower_triangular', array([ 1.94916237,  1.58272093,  1.18086445,  0.33145707, -1.09776045,\n",
      "       -1.58013196, -0.30123563,  0.95347866, -0.48989782,  0.61478964,\n",
      "       -0.89470401, -0.56739534,  0.05384911, -0.15280397,  0.30501732,\n",
      "        0.01361915,  0.41624634,  0.11595749, -0.00560164,  0.11016524,\n",
      "        1.09791418,  1.13648074,  0.56988866,  0.25078432,  1.77115749,\n",
      "        1.48211191,  0.3516714 ,  0.23712301, -0.36724125,  0.31633339,\n",
      "        2.83522566,  1.4220897 ,  1.2657499 ,  1.39145635,  1.26323987,\n",
      "        1.97914537,  0.84669376,  0.21833163,  2.34380652, -0.37450052,\n",
      "        1.26726428,  0.90918513, -0.85276422, -0.7979098 ,  0.46896809,\n",
      "        1.37096371, -2.03429601, -0.7283566 ,  0.32320027, -0.37919279,\n",
      "       -1.01469531,  1.54923167,  0.24596984,  0.33700301, -2.40040466,\n",
      "        0.29650721, -0.11578037,  0.41670333, -1.13562355, -0.46445348,\n",
      "       -2.518503  , -2.9832362 , -1.51694222, -0.3018163 ,  0.65858439,\n",
      "        1.33684656,  0.13753162, -0.35364828, -0.37443632, -0.13458654,\n",
      "        0.82951603,  0.37956932, -1.66203457,  0.16250938, -1.98485589,\n",
      "        0.06474538,  0.01574296, -1.663475  ,  0.22006225, -0.38264591,\n",
      "       -2.12934952, -0.26679527, -0.51577177, -0.49524772,  1.33261784,\n",
      "        0.76611358,  0.90435053,  0.20793168,  0.40404693,  1.11856181,\n",
      "        5.44659034,  1.79231927,  1.3102303 ,  0.3614782 , -1.29248059,\n",
      "        1.39911313,  0.27256291,  2.02443274,  0.76780471,  0.19629678])), ('L_diag', array([[2.89583791e+00, 1.82807523e-02, 4.36798346e+00, 2.99764547e+00,\n",
      "        2.06054372e+00, 4.87970695e-02, 1.78387993e-03, 2.11805901e+00,\n",
      "        4.49994740e-03, 5.89310091e+00],\n",
      "       [3.32079703e-02, 5.13387881e-11, 1.32683766e+00, 5.68582950e-08,\n",
      "        1.89780596e-01, 1.00354341e-14, 7.47632005e-01, 2.54534084e-01,\n",
      "        2.91702737e-01, 1.41414335e-02],\n",
      "       [7.32536332e-03, 1.84946694e-01, 2.15033396e-01, 4.28559980e-01,\n",
      "        3.49894338e-01, 7.35716960e-01, 2.65571998e-01, 5.52839844e-01,\n",
      "        2.92492901e-01, 4.04397406e+00],\n",
      "       [1.82549232e-01, 1.30640169e-01, 6.85279172e-01, 3.04609582e-01,\n",
      "        3.80580409e-01, 1.43264493e-01, 3.10213472e-01, 7.23911214e-01,\n",
      "        2.94477979e-01, 7.56847278e-01],\n",
      "       [4.46428729e-01, 2.39303123e-01, 1.79612817e-01, 8.62398285e-01,\n",
      "        2.25770900e-01, 4.20011527e-01, 1.92073680e-01, 2.12082507e-01,\n",
      "        3.61609883e-01, 2.36589301e-01]])), ('L', array([[[ 2.89583791e+00,  0.00000000e+00,  0.00000000e+00,\n",
      "          0.00000000e+00,  0.00000000e+00],\n",
      "        [ 1.94916237e+00,  3.32079703e-02,  0.00000000e+00,\n",
      "          0.00000000e+00,  0.00000000e+00],\n",
      "        [ 1.58272093e+00, -1.09776045e+00,  7.32536332e-03,\n",
      "          0.00000000e+00,  0.00000000e+00],\n",
      "        [ 1.18086445e+00, -1.58013196e+00,  9.53478658e-01,\n",
      "          1.82549232e-01,  0.00000000e+00],\n",
      "        [ 3.31457068e-01, -3.01235630e-01, -4.89897824e-01,\n",
      "          6.14789641e-01,  4.46428729e-01]],\n",
      "\n",
      "       [[ 1.82807523e-02,  0.00000000e+00,  0.00000000e+00,\n",
      "          0.00000000e+00,  0.00000000e+00],\n",
      "        [-8.94704012e-01,  5.13387881e-11,  0.00000000e+00,\n",
      "          0.00000000e+00,  0.00000000e+00],\n",
      "        [-5.67395335e-01,  3.05017317e-01,  1.84946694e-01,\n",
      "          0.00000000e+00,  0.00000000e+00],\n",
      "        [ 5.38491071e-02,  1.36191506e-02,  1.15957495e-01,\n",
      "          1.30640169e-01,  0.00000000e+00],\n",
      "        [-1.52803971e-01,  4.16246335e-01, -5.60164340e-03,\n",
      "          1.10165244e-01,  2.39303123e-01]],\n",
      "\n",
      "       [[ 4.36798346e+00,  0.00000000e+00,  0.00000000e+00,\n",
      "          0.00000000e+00,  0.00000000e+00],\n",
      "        [ 1.09791418e+00,  1.32683766e+00,  0.00000000e+00,\n",
      "          0.00000000e+00,  0.00000000e+00],\n",
      "        [ 1.13648074e+00,  1.77115749e+00,  2.15033396e-01,\n",
      "          0.00000000e+00,  0.00000000e+00],\n",
      "        [ 5.69888659e-01,  1.48211191e+00,  2.37123014e-01,\n",
      "          6.85279172e-01,  0.00000000e+00],\n",
      "        [ 2.50784324e-01,  3.51671402e-01, -3.67241246e-01,\n",
      "          3.16333392e-01,  1.79612817e-01]],\n",
      "\n",
      "       [[ 2.99764547e+00,  0.00000000e+00,  0.00000000e+00,\n",
      "          0.00000000e+00,  0.00000000e+00],\n",
      "        [ 2.83522566e+00,  5.68582950e-08,  0.00000000e+00,\n",
      "          0.00000000e+00,  0.00000000e+00],\n",
      "        [ 1.42208970e+00,  1.26323987e+00,  4.28559980e-01,\n",
      "          0.00000000e+00,  0.00000000e+00],\n",
      "        [ 1.26574990e+00,  1.97914537e+00,  2.18331626e-01,\n",
      "          3.04609582e-01,  0.00000000e+00],\n",
      "        [ 1.39145635e+00,  8.46693756e-01,  2.34380652e+00,\n",
      "         -3.74500521e-01,  8.62398285e-01]],\n",
      "\n",
      "       [[ 2.06054372e+00,  0.00000000e+00,  0.00000000e+00,\n",
      "          0.00000000e+00,  0.00000000e+00],\n",
      "        [ 1.26726428e+00,  1.89780596e-01,  0.00000000e+00,\n",
      "          0.00000000e+00,  0.00000000e+00],\n",
      "        [ 9.09185129e-01,  4.68968090e-01,  3.49894338e-01,\n",
      "          0.00000000e+00,  0.00000000e+00],\n",
      "        [-8.52764216e-01,  1.37096371e+00, -7.28356604e-01,\n",
      "          3.80580409e-01,  0.00000000e+00],\n",
      "        [-7.97909805e-01, -2.03429601e+00,  3.23200269e-01,\n",
      "         -3.79192791e-01,  2.25770900e-01]],\n",
      "\n",
      "       [[ 4.87970695e-02,  0.00000000e+00,  0.00000000e+00,\n",
      "          0.00000000e+00,  0.00000000e+00],\n",
      "        [-1.01469531e+00,  1.00354341e-14,  0.00000000e+00,\n",
      "          0.00000000e+00,  0.00000000e+00],\n",
      "        [ 1.54923167e+00, -2.40040466e+00,  7.35716960e-01,\n",
      "          0.00000000e+00,  0.00000000e+00],\n",
      "        [ 2.45969842e-01,  2.96507207e-01,  4.16703335e-01,\n",
      "          1.43264493e-01,  0.00000000e+00],\n",
      "        [ 3.37003009e-01, -1.15780368e-01, -1.13562355e+00,\n",
      "         -4.64453478e-01,  4.20011527e-01]],\n",
      "\n",
      "       [[ 1.78387993e-03,  0.00000000e+00,  0.00000000e+00,\n",
      "          0.00000000e+00,  0.00000000e+00],\n",
      "        [-2.51850300e+00,  7.47632005e-01,  0.00000000e+00,\n",
      "          0.00000000e+00,  0.00000000e+00],\n",
      "        [-2.98323620e+00,  6.58584389e-01,  2.65571998e-01,\n",
      "          0.00000000e+00,  0.00000000e+00],\n",
      "        [-1.51694222e+00,  1.33684656e+00, -3.53648285e-01,\n",
      "          3.10213472e-01,  0.00000000e+00],\n",
      "        [-3.01816302e-01,  1.37531617e-01, -3.74436316e-01,\n",
      "         -1.34586543e-01,  1.92073680e-01]],\n",
      "\n",
      "       [[ 2.11805901e+00,  0.00000000e+00,  0.00000000e+00,\n",
      "          0.00000000e+00,  0.00000000e+00],\n",
      "        [ 8.29516032e-01,  2.54534084e-01,  0.00000000e+00,\n",
      "          0.00000000e+00,  0.00000000e+00],\n",
      "        [ 3.79569323e-01, -1.98485589e+00,  5.52839844e-01,\n",
      "          0.00000000e+00,  0.00000000e+00],\n",
      "        [-1.66203457e+00,  6.47453801e-02, -1.66347500e+00,\n",
      "          7.23911214e-01,  0.00000000e+00],\n",
      "        [ 1.62509376e-01,  1.57429607e-02,  2.20062249e-01,\n",
      "         -3.82645910e-01,  2.12082507e-01]],\n",
      "\n",
      "       [[ 4.49994740e-03,  0.00000000e+00,  0.00000000e+00,\n",
      "          0.00000000e+00,  0.00000000e+00],\n",
      "        [-2.12934952e+00,  2.91702737e-01,  0.00000000e+00,\n",
      "          0.00000000e+00,  0.00000000e+00],\n",
      "        [-2.66795267e-01,  1.33261784e+00,  2.92492901e-01,\n",
      "          0.00000000e+00,  0.00000000e+00],\n",
      "        [-5.15771774e-01,  7.66113575e-01,  2.07931684e-01,\n",
      "          2.94477979e-01,  0.00000000e+00],\n",
      "        [-4.95247718e-01,  9.04350530e-01,  4.04046926e-01,\n",
      "          1.11856181e+00,  3.61609883e-01]],\n",
      "\n",
      "       [[ 5.89310091e+00,  0.00000000e+00,  0.00000000e+00,\n",
      "          0.00000000e+00,  0.00000000e+00],\n",
      "        [ 5.44659034e+00,  1.41414335e-02,  0.00000000e+00,\n",
      "          0.00000000e+00,  0.00000000e+00],\n",
      "        [ 1.79231927e+00, -1.29248059e+00,  4.04397406e+00,\n",
      "          0.00000000e+00,  0.00000000e+00],\n",
      "        [ 1.31023030e+00,  1.39911313e+00,  2.02443274e+00,\n",
      "          7.56847278e-01,  0.00000000e+00],\n",
      "        [ 3.61478198e-01,  2.72562910e-01,  7.67804713e-01,\n",
      "          1.96296780e-01,  2.36589301e-01]]])), ('theta', array([[[ 8.38587719e+00,  5.64445829e+00,  4.58330326e+00,\n",
      "          3.41959204e+00,  9.59845943e-01],\n",
      "        [ 5.64445829e+00,  3.80033673e+00,  3.04852569e+00,\n",
      "          2.24922358e+00,  6.36060222e-01],\n",
      "        [ 4.58330326e+00,  3.04852569e+00,  3.71013721e+00,\n",
      "          3.61056983e+00,  8.51699921e-01],\n",
      "        [ 3.41959204e+00,  2.24922358e+00,  3.61056983e+00,\n",
      "          4.83370363e+00,  5.12520172e-01],\n",
      "        [ 9.59845943e-01,  6.36060222e-01,  8.51699921e-01,\n",
      "          5.12520172e-01,  1.01787148e+00]],\n",
      "\n",
      "       [[ 3.34185905e-04, -1.63558624e-02, -1.03724136e-02,\n",
      "          9.84402190e-04, -2.79337155e-03],\n",
      "        [-1.63558624e-02,  8.00495268e-01,  5.07650882e-01,\n",
      "         -4.81790122e-02,  1.36714326e-01],\n",
      "        [-1.03724136e-02,  5.07650882e-01,  4.49178310e-01,\n",
      "         -4.95370004e-03,  2.12626595e-01],\n",
      "        [ 9.84402190e-04, -4.81790122e-02, -4.95370004e-03,\n",
      "          3.35982019e-02,  1.11830177e-02],\n",
      "        [-2.79337155e-03,  1.36714326e-01,  2.12626595e-01,\n",
      "          1.11830177e-02,  2.66043809e-01]],\n",
      "\n",
      "       [[ 1.90792795e+01,  4.79567099e+00,  4.96412907e+00,\n",
      "          2.48926423e+00,  1.09542178e+00],\n",
      "        [ 4.79567099e+00,  2.96591374e+00,  3.59779679e+00,\n",
      "          2.59221075e+00,  7.41950527e-01],\n",
      "        [ 4.96412907e+00,  3.59779679e+00,  4.47482669e+00,\n",
      "          3.32371046e+00,  8.28907859e-01],\n",
      "        [ 2.48926423e+00,  2.59221075e+00,  3.32371046e+00,\n",
      "          3.04726367e+00,  7.93830849e-01],\n",
      "        [ 1.09542178e+00,  7.41950527e-01,  8.28907859e-01,\n",
      "          7.93830849e-01,  4.53759264e-01]],\n",
      "\n",
      "       [[ 8.98587839e+00,  8.49900136e+00,  4.26292077e+00,\n",
      "          3.79426947e+00,  4.17109283e+00],\n",
      "        [ 8.49900136e+00,  8.03850452e+00,  4.03194529e+00,\n",
      "          3.58868672e+00,  3.94509279e+00],\n",
      "        [ 4.26292077e+00,  4.03194529e+00,  3.80177774e+00,\n",
      "          4.39371344e+00,  4.05281473e+00],\n",
      "        [ 3.79426947e+00,  3.58868672e+00,  4.39371344e+00,\n",
      "          5.65959491e+00,  3.83461641e+00],\n",
      "        [ 4.17109283e+00,  3.94509279e+00,  4.05281473e+00,\n",
      "          3.83461641e+00,  9.03045153e+00]],\n",
      "\n",
      "       [[ 4.24584042e+00,  2.61125345e+00,  1.87341571e+00,\n",
      "         -1.75715795e+00, -1.64412804e+00],\n",
      "        [ 2.61125345e+00,  1.64197543e+00,  1.24117888e+00,\n",
      "         -8.20495321e-01, -1.39723250e+00],\n",
      "        [ 1.87341571e+00,  1.24117888e+00,  1.16897471e+00,\n",
      "         -3.87230162e-01, -1.56638170e+00],\n",
      "        [-1.75715795e+00, -8.20495321e-01, -3.87230162e-01,\n",
      "          3.28209310e+00, -2.48823548e+00],\n",
      "        [-1.64412804e+00, -1.39723250e+00, -1.56638170e+00,\n",
      "         -2.48823548e+00,  5.07423841e+00]],\n",
      "\n",
      "       [[ 2.38115399e-03, -4.95141576e-02,  7.55979653e-02,\n",
      "          1.20026075e-02,  1.64447593e-02],\n",
      "        [-4.95141576e-02,  1.02960657e+00, -1.57199811e+00,\n",
      "         -2.49584445e-01, -3.41955374e-01],\n",
      "        [ 7.55979653e-02, -1.57199811e+00,  8.70334074e+00,\n",
      "         -2.40973035e-02, -3.54820331e-02],\n",
      "        [ 1.20026075e-02, -2.49584445e-01, -2.40973035e-02,\n",
      "          3.42584071e-01, -4.91194947e-01],\n",
      "        [ 1.64447593e-02, -3.41955374e-01, -3.54820331e-02,\n",
      "         -4.91194947e-01,  1.80874368e+00]],\n",
      "\n",
      "       [[ 3.18222762e-06, -4.49270697e-03, -5.32173519e-03,\n",
      "         -2.70604278e-03, -5.38404045e-04],\n",
      "        [-4.49270697e-03,  6.90181098e+00,  8.00566808e+00,\n",
      "          4.81989280e+00,  8.62948301e-01],\n",
      "        [-5.32173519e-03,  8.00566808e+00,  9.40396010e+00,\n",
      "          5.31190413e+00,  8.91525692e-01],\n",
      "        [-2.70604278e-03,  4.81989280e+00,  5.31190413e+00,\n",
      "          4.30957193e+00,  7.32364762e-01],\n",
      "        [-5.38404045e-04,  8.62948301e-01,  8.91525692e-01,\n",
      "          7.32364762e-01,  3.05216417e-01]],\n",
      "\n",
      "       [[ 4.48617397e+00,  1.75696391e+00,  8.03950223e-01,\n",
      "         -3.52028729e+00,  3.44204447e-01],\n",
      "        [ 1.75696391e+00,  7.52884448e-01, -1.90354638e-01,\n",
      "         -1.36220441e+00,  1.38811253e-01],\n",
      "        [ 8.03950223e-01, -1.90354638e-01,  4.38935767e+00,\n",
      "         -1.67900284e+00,  1.52095245e-01],\n",
      "        [-3.52028729e+00, -1.36220441e+00, -1.67900284e+00,\n",
      "          6.05774739e+00, -9.12146631e-01],\n",
      "        [ 3.44204447e-01,  1.38811253e-01,  1.52095245e-01,\n",
      "         -9.12146631e-01,  2.66481414e-01]],\n",
      "\n",
      "       [[ 2.02495266e-05, -9.58196085e-03, -1.20056467e-03,\n",
      "         -2.32094585e-03, -2.22858868e-03],\n",
      "        [-9.58196085e-03,  4.61921988e+00,  9.56828646e-01,\n",
      "          1.32173581e+00,  1.31835702e+00],\n",
      "        [-1.20056467e-03,  9.56828646e-01,  1.93260212e+00,\n",
      "          1.21936063e+00,  1.45546425e+00],\n",
      "        [-2.32094585e-03,  1.32173581e+00,  1.21936063e+00,\n",
      "          9.82903399e-01,  1.36167599e+00],\n",
      "        [-2.22858868e-03,  1.31835702e+00,  1.45546425e+00,\n",
      "          1.36167599e+00,  2.60831633e+00]],\n",
      "\n",
      "       [[ 3.47286384e+01,  3.20973065e+01,  1.05623183e+01,\n",
      "          7.72131940e+00,  2.13022750e+00],\n",
      "        [ 3.20973065e+01,  2.96655464e+01,  9.74375131e+00,\n",
      "          7.15607319e+00,  1.97267809e+00],\n",
      "        [ 1.05623183e+01,  9.74375131e+00,  2.12366406e+01,\n",
      "          8.72677792e+00,  3.40058441e+00],\n",
      "        [ 7.72131940e+00,  7.15607319e+00,  8.72677792e+00,\n",
      "          8.34536671e+00,  2.55790171e+00],\n",
      "        [ 2.13022750e+00,  1.97267809e+00,  3.40058441e+00,\n",
      "          2.55790171e+00,  8.88988028e-01]]]))])\n"
     ]
    }
   ],
   "source": [
    "print(p_opt)"
   ]
  },
  {
   "cell_type": "code",
   "execution_count": 15,
   "metadata": {},
   "outputs": [
    {
     "data": {
